# Empty

mild_winter = LIST {
	3700 3701 3056 3055 3702 3054 3737 3738 3735 3736 3052 # Vangionia
	4840 4856 4857 4841 4851 4836 4839 4861 4860 4859 4858 #Iazygia Major
	4826 4831 4827 4828 4833 4832 4835 4834 4837 4829 4838 4830 # Iazygia Minor
	4263 4260 4200 4207 4212 4213 4204 4203 4201 4199 4205 4206 # Moesia Prima Orient
	4842 4843 4846 4845 4844 4848 4847 4850 4849 4855 4854 # Pannonia Termina
	4190 4189 4192 4191 4129 4077 4186 4188 4170 4187 4185 4171 # Pannonia Secunda
	4197 4198 4195 4124 4125 4196 4193 4194 4123 4126 4130 4128 #Moesia Prima Occ
	4043 4072 4071 4075 4076 4074 4073 4183 4178 4184 4179 # Savia orient
	4058 4059 4060 4062 4063 4065 4064 4069 4070 4068 4078 4084 4079 4080 # Dalmatia Centralis
	4033 4050 4035 4049 4052 4051 4053 4055 4054 4056 4057 4061 # Dalmatia Occ
	4176 4038 4044 4041 4177 4181 4045 4040 4036 4042 4046 # Savia Occ
	4020 4019 4018 4022 4021 4023 4026 4024 4027 4032 4034 4025 # Histria
	3598 3599 3600 3603 3601 3602 3604 3605 3606 3607 # Venetia
	3592 3589 3593 145 143 3597 3590 3595 3594 3596 # Ferraria
	144 146 150 149 3591 3588 151 3587 152 3576 3575 # Aemilla
	121 122 123 131 132 133 140 142 147 148 # Ariminum
	3554 3562 3565 3568 3566 3569 3567 3571 3574 3572 3570 3577 # West Insubria
	3579 3578 3573 3580 3582 3581 3585 3583 3586 3584 3661 3662 # East Insubria
	3563 3564 3551 3559 3530 3535 3560 3558 3555 3548 3561 # Transpadana
	3011 3009 3012 3019 3022 3024 3020 3021 3023 3025 3053 3018 # Tribocia
	3015 3004 3007 3003 3016 2453 3017 2499 2454 3002 2497 # Leucia
	3691 3692 3695 3693 3694 3696 3697 3698 3725 3723 3699 # Mediomatricia
	3727 3720 3728 3721 3730 3729 3685 3689 3690 3726 3722 3724 # Treveria
	3679 3707 3705 3704 3680 3706 3681 3682 3683 3708 3719 3678 # Nervia
	3026 3029 3027 3030 3028 3675 3040 3041 3676 3677 # Morinia
	2358 2359 2361 2362 2363 2355 3010 2427 3013 3014 2428 2429 # Sequania
	2440 2435 2436 2437 2433 2354 3005 2431 2449 3008 3006 2489 # Haeduia
	2490 2487 2450 2491 2451 3049 3051 3048 2492 2452 3043 3047 ## Sueaconia
	3001 2455 2498 2496 2495 2494 3050 3703 3686 3687 3688 3684 # TReveria Salutaris
	2447 2493 3044 3045 2445 3032 3031 2446 3046 3038 3042 ## Bellovacia
	2468 2470 2469 2471 3034 3033 3035 3037 3039 3036 # Veliocassia
	2301 2303 2304 2305 2306 2307 2308 2309 2356 2357 # Allobrogia
	2310 2311 2314 2316 2317 2318 2319 2320 2321 2323 2322 # Narbonensis Occ
	2255 2256 2257 2258 2259 2260 2312 2313 2297 2315 1079 2261 # Narbonensis Cent
	2302 2300 2299 2371 2370 2364 2365 2369 2372 2366 2367 2348 2360 # Celtica Orient
	2412 2434 2438 2439 2430 2488 2432 2413 2415 2353 2448 2486 2482 # Senonia
	2476 2481 2483 2475 2477 2474 2485 2484 2444 2473 2472 # Parisia
	2253 2254 2263 2265 2266 2267 2271 2275 2276 2278 2279 2280 # Narbon Orient
	2288 2272 2274 2281 2273 2246 2247 2248 2249 2250 2251 2252 2277 # Aquitania Orient
	2235 2236 2237 2238 2239 2240 2241 2242 2243 2244 2245 2233 # Aquitania Occident
	2234 2287 2289 2294 2292 2293 2269 2270 2326 2327 2335 2338 # Nitiobrogia
	2229 2230 2231 2232 2282 2290 2291 2332 2333 2334 2389 2392 3000 # Santonia
	2337 2328 2329 2340 2330 2331 2341 2404 2283 2344 3307 1721 # Lemovicia
	2378 2379 2380 2375 2376 2381 2409 2377 2368 2373 2374 2342 # Celtica Centralis
	2382 2383 2384 2385 2386 2387 2388 2419 2420 2343 2405 2346 # Celtica Occ
	2225 2228 2226 2345 2390 2391 2393 2396 2397 2399 # Pictonia Merid
	2144 2210 2211 2212 2224 2227 2352 2398 2403 2400 2402 3308 # Pictonia Sept
	2422 2421 2395 2394 2349 2423 2424 2425 2426 2401 2456 # Turonia
	2347 2410 2414 2411 2407 2406 2416 2418 2417 2479 2480 2408 2350 # Biturigia
	2458 2457 2461 2460 2441 2478 2464 2465 2463 2466 2442 2462 2467 2443 # Carnutia
	2351 2459 2217 2214 2221 2220 2218 2219 2222 2223 # Eburovicia
	2134 2135 2136 2137 2138 2139 2140 5431 2216 2215 # Armorica major
	2145 2143 2209 2146 2142 2141 2147 2153 2148 2156 # Armorica Cent
	2149 2150 2151 2152 2154 2155 2157 2158 2159 2160 # Armorica Minor
	2000 2001 2002 2003 2004 2005 2006 2007 2008 2009 2010 # Dumnonia
	2011 2012 2013 2014 2015 2016 2017 2024 2025 2026 # Durotrigia
	2018 2019 2020 2021 2022 2023 2027 2028 2038 2042 # Cantiacia
	2029 2030 2031 2032 2033 2034 2035 2036 2037 2051 2052 # icenia
	2039 2041 2043 2044 2045 2061 2048 2056 2055 2054 2053 2062 # Dobunnia
	2057 2058 2063 2067 2068 2069 2075 3058 3057 2077 5434 2088 # Coritania
	2046 2047 2064 2065 2066 2070 2071 2072 2073 2080 5433 2074 # Cornovia
	2101 2102 2103 2104 2105 2106 2107 2050 2060 2059 # Wales 1
	2040 2092 2093 2094 2095 2096 2097 2098 2099 2100 2049 # Wales 2
	2076 2078 2079 2081 2084 2085 2082 2083 2087 3059 3060 5432 # Brigantia
	2089 2090 2091 2109 2110 2111 2112 2113 2108 2086 # Calednia Merid
	2171 2202 2175 2204 2203 2205 2170 2195 2208 2172 2173 2207 2206 2174 # Ireland 1
	2186 2187 2188 2189 2164 2165 2192 2190 2167 2168 2193 # Ireland 2
	2185 2166 2169 2184 2200 2199 2197 2198 2201 2194 2196 2191 # Ireland 3
	2177 2161 2176 2179 2162 2163 2178 2182 2180 2181 2183 # Ireland 4
	24 27 28 30 1712 # Aternum
	1000 1001 1002 1003 1008 1054 1060 1004 1005 1059 1007 1058 # Indiketia
	1006 1052 1055 1056 1053 1009 1063 1062 1061 1057 # Cessetania
	1068 1069 1010 1064 1070 1066 1071 1065 1067 1011 # Ilergetia
	1072 1073 1014 1075 1074 1080 1088 1016 1081 1077 # Vasconia
	1082 1078 1017 1083 1084 1087 1085 1086 1095 1098 1099 # Vardulia
	1094 1096 1101 1106 1188 1100 1097 1105 1102 1104 1107 # Autrigonia
	1185 1103 1109 1110 1112 1020 1108 1115 1113 1111 1044 # Cantabria
	1114 1118 1124 1125 1123 1126 1116 1117 1128 1122 1119 # Asturia Sept
	1134 1133 1135 1132 1131 1129 1047 1141 1140 1130 1139 1136 1137 1138 # Callaecia Sept
	4814 4812 4811 4807 4808 4805 4824 4803 4806 4804 4802 4801 # Getia Orient
	4818 4820 4822 4821 4823 4819 4816 4817 4810 4815 4809 4813 # Getia Occident
	4247 4258 4248 4249 4256 4257 4252 4253 4251 4243 4246 4242 # Moesia Orient
	4259 4241 4240 4245 4244 4239 4238 4236 4237 4234 4233 4231 # Moesia Occident
	4232 4227 4266 4267 4228 4226 4224 4225 4278 4276 # Dacia Superioris
	4223 4221 4217 4220 4215 4216 4277 4214 4218 4209 4208 # Dacia Inferior
	4235 4229 4230 477 4116 4115 4112 4111 4202 4219 4222 # Dacia Mediterranea
	4100 4101 4119 4120 4106 4121 4127 4122 4118 4103 4102 # Dardania Superioris
	4095 4093 4099 4098 4096 4108 4109 4113 4114 4110 4094 4092 # Dardania Inferor
	497 4302 4303 4304 4305 4153 498 4152 4117 499 4097 #  Macedonia Salutaris
	4309 4311 484 4313 478 485 486 487 488 3853 496 # Thracia
	4536 4547 4548 4542 4537 4538 4539 4540 4541 4543 4544 4550 4549 # Taurica
	4533 4551 4552 4553 4545 4535 4546 4534 4554 4555 4556 4557 # Maeotia
	7634 7636 7617 7618 7635 7612 7613 7600 7608 7616 7614 7615 # Maeotia Minores
	1738 1739 1740 1741 1742 1743 1745 1750 4568 4567 # Abasgoi
	1618 1619 1630 1631 1632 1638 1648 1649 1652 1654 # Paytankert
	1614 1616 1617 1639 1640 1650 1663 1664 1665 1666 1667 # Artshak
	1501 1538 1540 1542 1550 1613 1615 1623 1668 1669 # Syunik
	1571 1572 1573 1575 1577 1588 1589 1590 1591 1592 1605 1606 # Ayrarat
	840 858 859 860 877 878 1853 1855 1856 1857 1858 1866 # Sophene
	833 834 841 842 843 845 856 857 869 870 # Corduene
	846 987 988 989 991 992 995 996 998 999 1560 1561 # Vaspurakan
	1533 1535 1536 1537 1541 1543 1544 1545 1546 1547 1548 1551 # Soducene
	203 1791 1792 1804 1819 1821 1822 1823 1824 1826 1831 1837 # Pontus
	198 199 200 201 217 218 232 1829 1830 1827 1828 # Paphlagonia Superior
	1722 1723 1724 1725 1726 1727 1729 1730 1731 1732 # Bekhyria
	1733 1734 1775 1786 1793 1795 1797 1798 1801 1806 # machelonia
	206 208 211 212 1807 1808 1809 1810 1812 1814 1815 1816 # Paph inferior
	1500 1527 1528 1529 1530 1531 1532 1534 1539 1559 # Parsatunik
	1514 1515 1516 1517 1520 1521 1522 1523 1524 1525 1526 1565 # Media Atropatene
	958 959 982 1603 4970 4971 # garamig
	1594 1596 1597 1598 1599 1601 1602 3393 4965 4968 4966 4967 # Kossioi
	1620 1621 1622 1624 1625 1626 1627 1628 1629 3390 1593 3387 # Kadousioi
	4985 4986 4987 4989 3389 4988 3383 3388 4990 3385 3384 4984 # Amardioi
	1595 4963 4964 4981 4982 4980 4979 3391 4976 4974 3392 4975 # Ecbatana
	6954 6955 6956 6957 6958 6959 6960 6961 6962 6963 6964 # Choromithrene
	4991 4999 3381 3396 3382 4983 3395 3394 3452 4992 4993 3453 # Rhagai
	4998 4997 4996 3434 3435 3437 3436 3438 6725 6776 7638 7639 # Hyrcania
	5460 5461 5462 5463 5466 5465 5470 5469 5464 5467 5468 5478 # Scythia Ad Pontem
	6807 6809 6796 6797 6798 6803 6805 6804 6799 5395 # Kharesmia
	5451 5452 5453 5454 5455 5456 5458 5474 5475 5472 5473 5459 # Dahaea 
	6810 6726 6657 6659 6658 6666 5398 5393 5392 5391 # Derbicca
	5425 5426 5424 6811 5423 5428 5427 6808 6806 6812 5422 5390 # parnia
	3441 6728 6729 3445 3448 6656 3447 3446 3450 3454 6727 # Parthia
	6709 5397 6802 5396 6801 5394 6800 6708 6683 # Kharesmia Superior
	6670 6665 6667 6653 6652 6669 6685 6684 6724 6668 6723 # Margiana
	6718 6719 6707 6717 6715 6713 6714 6710 6711 6712 6716 6706 # Sogdiana
	6672 6676 6675 6674 6673 6635 6636 6630 6629 6637 6634 6655 #Bactria
	6759 6689 6654 6690 6686 6691 6697 6688 6687 6694 6696 6695 # Bactriana
	6651 6679 6649 6680 6677 6650 6627 6648 6693 6692 6681 6678 # Candara
	6738 6737 6736 6740 6735 6739 6734 6730 6731 6732 # Ferghana
	6540 6571 6616 6539 6538 6617 6537 6618 6535 6534 6619 6533 # Parecania
	4331 4380 4384 4388 4393 4395 4396 4397 4398 4399 7399 # Panchanada
	4315 4340 4342 4344 4345 4346 4347 4379 4389 4391 4394 4400 # Madra
	4401 4408 4409 4410 4414 4415 4416 4390 4392 4418 # Trigarta
	4402 4403 4411 4419 4387 4417 7385 7386 7402 7485 # Sthanisvara
	4404 4405 4406 4407 4412 4413 4421 4422 4423 4452 4454 # Kuru
	7404 4426 4436 4425
	4424 4453 4456 7377 7381 7403 7405 7406 7407 7378 # Ahiccatra
	4437 4451 4455 7374 7379 7380 7382 7482 7483 7484 # Kosala
	4441 4449 4450 4457 4458 7369 7372 7384 7477 7478 # Malla
	4448 4459 4460 4461 4464 7360 7479 7481 7486 7487 7488 7489 # Vrji
	7322 7323 7383 7343 7344 7346 7650 7652 7653 7654 7655 7656 #Kamata
	7339 7341 7342 7347 7348 7349 7350 7351 7352 7353 7354 7355 # Kamarupa
	5376 5377 5378 5379 5669 5668 5667 5666
	3541 3540 3517 2325 2324 3521 3523 3542 3518 3522 3528 3520 # Alpes Maritimae
	4174 4165 4166 4138 4148 4151 4149 4150 4155 4147 4146 4163 # Pannonia Prima Orient
	4172 4167 4168 4169 4164 4162 4161 4160 4159 4158 4157 4156 # Pannonia Valeria
	5022 
	104 105 107 109 110 118 119 # Asculum
	31 32 19 103 139 138#Extraneous italian
	4104 4105 4107 425 476 474 1445 466 401 456 475 449 448 438 414 #Extraneous Greek
	393 397 400 405 408 411 412 3125 3175 3356 4306 #Macedonia Superior
	985 1578 880 865 866 986 # Adiabene
	6300 #Atlas
}

normal_winter = LIST {
	3867 3872 3870 3873 3871 3876 3874 3877 3878 3880 3879 3875 #cimbrica superioris
	3859 3860 3857 3856 3861 3863 3862 3865 3864 3868 3866 3869 #Cimbrica Inferioris
	3881 3884 3883 3882 3885 3886 3887 #Scandia Insula
	3852 3834 3832 3833 3841 3842 3836 3781 3779 3780 #Chasuaria
	3839 3840 3837 3829 3838 3890 3855 3889 3962 3888 3972 # Chaucia
	3970 3895 3858 3891 3892 3893 3969 3971 3975 3974 3968 3907 3900 # Langobardia
	3896 3897 3898 3899 3901 3902 3903 3904 3906 3905 3894 3983 3985 # Pharodenia
	4752 4751 4756 4750 4757 4755 4862 4864 4865 4760 # Rugia
	3843 3844 3845 3846 3849 3848 3847 3850 3851 3854 3776 # Frisia
	3778 3777 3783 3784 3782 3830 3835 3831 3827 3828 # Bructeria
	3976 3973 3964 3963 3977 3978 3965 3825 3824 3960 3795 3949 3958 # Chamavia
	3718 3709 3717 3716 3715 3710 3714 3711 3712 3713 # Eburonia
	3785 3786 3787 3790 3788 3789 3793 3791 3792 3826 3794 3796 # Sicambria
	3957 3961 3955 3956 3953 3951 3954 3990 3988 3950 3959 3966 # Baluconia
	3967 3989 3909 3987 3994 3996 3995 4000 3999 3982 3986 3984 3908 # Semnonia
	3981 3910 3991 3993 3979 3992 4002 4001 3998 3997 # Buria
	4863 4764 4765 4766 4758 4759 4768 4763 4754 4753 # Helveconia
	4774 4770 4769 4761 4776 4775 4773 4771 4762 4767 # Elysia
	4014 4013 4011 4012 4010 4006 4007 4005 4004 4003 4015 # marsignia
	4778 4772 4900 4898 4902 4901 4903 4777 4904 4899 # Lugia
	4947 4891 4887 4890 4895 4896 4893 4894 4897 4889 # Ciscarpathia
	4936 4914 4937 4939 4938 4940 4941 4942 4943 4944 4945 4946 # Subcarpathia
	4924 4923 4913 4911 4912 4930 4931 4932 4935 4933 4934 # Zargidava
	4909 4910 4906 4907 4908 4905 4882 4883 4927 4885 4884 4881 # Transcarp Orient
	4853 4926 4886 4879 4880 4877 4876 4878 4888 4875 # Transcarp Cent
	4852 4874 4867 4868 4869 4872 4873 4871 4866 4870 # Transcarp Occident
	4293 4294 4500 4292 4299 4281 4295 4501 4298 4287 4280 4825 # Apulensis
	4502 4503 4297 4504 4505 4506 4507 4508 4509 4510 4511 4296 #Porolissensis
	4291 4289 4286 4284 4282 4285 4290 4288 4264 4265 4261 4262 #Porolissensis Inferior
	4283 
	3653 3918 3919 3927 3920 3924 3925 3926 4017 3929 4016 #Carnuntia
	3647 3648 3917 3649 3650 3651 3916 3652 3921 3923 3933 3934 #Marcomannia Minores
	3936 3935 3938 3937 3914 3931 3932 3939 3930 3928 3922 #Boioa Merid
	3943 3912 3911 3942 3941 3915 3940 4008 4009 3980 # Boioa Septent
	3815 3814 3813 3945 3913 3944 3816 3812 3818 3817 3819 #Marcomannia Maiores
	3806 3807 3822 3948 3809 3820 3821 3808 3811 3946 3952 #Chattia orient
	3797 3798 3802 3804 3800 3801 3803 3805 3799 3823 3947 # Chattia Occident
	3758 3759 3756 3760 3764 3761 3643 3644 3762 3645 3646 3763 # Noricum
	3638 3740 3747 3640 3751 3641 3748 3753 3642 3754 3755 3757 3752 # Vindelicia inf
	3772 3775 3769 3749 3774 3773 3765 3766 3767 3768 # Vindelicia Superior
	3733 3734 3745 3744 3746 3743 3741 3770 3742 3771 3750 # Latobrigia
	3631 3632 3633 3634 3731 3732 3635 3637 3639 3739 # Helvetia
	3539 3621 3622 3623 3624 3626 3627 3628 3625 3629 3630 # Verbigenia
	2339 2268 2262 2295 2285 2296 2286 2298 2284 3309 1719 5046 5049 5050 2261 2297 # Central Massif
	2124 2117 2126 2118 2127 2119 2128 2129 2130 2121 # Caledonia Occ
	2122 2131 2120 2123 2125 2116 2132 2133 2114 2115 # Caledonia Sept
	4915 4929 4916 4917 4918 4920 4921 4928 4925 4919 4800 4922 # Clepia
	4520 4519 4518 4517 4516 4515 4514 4513 4512 4255 4254 4250 # Scythia
	4521 4522 4523 4524 4525 4526 4527 4528 4529 4530 4531 4532 #Olbia
	7194 7189 7195 7185 7186 7187 7188 7191 7190 7192 7193 # Sarmatia
	4558 4559 4560 4561 4564 4563 4562 4565 4566 7637 # Bosproranum
	7610 7609 7611 7607 7619 7620 7630 7606 7622 7629 7628 7631 # Sindica
	7604 7605 7621 7632 7633 7602 7623 7626 7624 1674 7625 7627 # Scythia Transmontem
	5866 5867 5868 5869 5870 5871 5872 5875 5874 5873 # Sarmatia Hyrcania
	5884 5885 5887 5888 5886 5889 5891 5899 5890 5933 5932 5930 # Tanaissa
	5900 5892 5894 5893 5895 5927 5931 5929 5928 5926 5924 5925 # Sattara
	5923 5897 5896 5901 5902 5898 5922 5917 5921 5920 5919 5918 # Hyrcania Superior
	5904 5903 5906 5905 5907 5908 5909 5910 5876 5877 5878 # Atara
	5911 5879 5912 5913 5880 5881 5914 5915 5916 # Darn
	1633 1634 1635 1636 1642 1644 1645 1647 1655 1656 1662 7603 # Albania
	1584 1607 1608 1609 1637 1646 1651 1661 1670 1671 1672 # Arran
	978 990 993 994 1562 1563 1564 1566 1567 1736 4037 483 # Tarawn
	1788 1789 1790 1833 1834 1838 1839 1840 1845 1846 # Pontus Colopene
	997 1502 1503 1504 1505 1506 1507 1508 1509 1511 1518 1519 # Parskahayk
	1510 1512 1513 1552 1553 1554 1555 1556 1557 1558 1574 3386 # Media
	5457 5471 5493 5496 5497 5498 5499 5494 5495 5492 5491 5490 # Scythia Ultima
	5476 5477 5480 5481 5479 5483 5484 5482 5486 5485 5487 5488 5489 # Scythia Magna
	6682 6705 6733 6703 6704 6722 6721 6702 6700 6701 6698 6699 # Cyropolis
	6556 6545 6542 6543 6544 6663 6664 6671 6662 6661 6660 # Oxiana
	6643 6644 6642 6628 6631 6638 6614 6608 6613 6611 6625 6626 # Bamyan
	6563 6567 6568 6596 6518 6647 6646 6558 6557 6564 6565 6559 # Aria
	6541 6555 6610 6554 6548 6573 6547 6632 6553 6572 6622 6633 # Arachosia
	6645 6621 6639 6640 6641 6609 6615 6624 6623 6612 # Sattagydia
	6756 6742 6746 6757 6761 6744 6758 6772 6773 6775 6720 6774 # Tarim
	6753 6754 6755 7183 7184 # North Tarim
	6743 6741 6745 6747 6748 6750 6752 6749 # South Tarim
	5261 5262 5346 5345 3316 4369 4368 5304 6941 5305 5306 5308
	3529 3519 3527 3524 3526 3525 3533 3536 3531 3532 3534 # Alpes Maritimae Secundus
	4145 4144 4142 4141 4133 4140 4182 4137 4139 4132 4180 4173 # Pannonia Prima Occ
	4028 4039 4029 4030 4175 4136 4031 4048 4047 4135 4134 4143 # Noricum Mediterranum
	5184 5185 5186 5187 5188 5131 5135 5091 5092 5093 5076 5075 5073 5074 5098 5096 5095 5094 5105 5106 5107 5108 5101 5103 5104 5102 5099 5100 5072 5071 5146 5144 5145 5143 5142 5141 5140 5977 5978 5979 5980 5972 5974 5975 5970 5971 5969 5968 5016 5015 5014 5012 5013 5011 5010 5009 5007 5008 5006 5005 5004 5003 5002 5001 5000 5147 5150 5149 5148 #MOUNTAINS
	4953 4950 4948 4949 4951 4978 #Miscellaneous Persia
	6285 6286 6282 6283 6287 6284 6281 6280 6279 6278 6288 6276 # Galindia
	6277 6272 6274 6275 6289 6293 6290 6267 6273 6271 6269 6270 # Venedia
	6268 6266 6265 6259 6260 6291 6264 6263 6261 6254 6255 6294 # Vistulia
	6251 6252 6246 6257 6249 6247 6238 6245 6250 6047 6248 6244 # Vistulia 2
	6298 6292 6262 6258 6256 6296 6253 6295 6297 6243 6240 6241 # Amadocia
	6242 6237 6089 6236 6239 6065 5383 6066 6234 5233 6235 6078 # Bassetia
	2543 6067 6069 6070 6068 6084 6072 6086 6085 6088 6233 6071 # Hypania #2
	6076 6077 6079 6080 6074 6073 6075 6082 6081 6090 6091 6092 # Transhypania
	6097 6098 6100 6103 6102 6119 6118 6123 6124 6144 6146 6147 # Sarmatia Superior
	6087 6096 6095 6083 6094 6099 6093 6101 6104 6105 6106 6110 # Hypania
	6109 6111 6113 6112 6115 6114 6120 6116 6125 6126 6127 6131 # Transborysthenia
	6145 6142 6139 6130 6129 6128 6117 6107 6108 6141 6122 6121 # Borysthenia
	6133 6132 6134 6136 6137 6140 6150 6143 6152 6148 6149 6153 # Borysthenia Majoris
	6154 6155 6157 6163 6165 6178 6177 6170 6189 6187 6180 6164 # Mentassa
	6156 6159 6158 6151 6169 6162 6138 6161 6160 6135 6166 6167 # Danaia
	6168 6172 6171 6174 6173 6176 6175 6181 6182 6184 6179 6183 # Danaia Superior
	6195 6185 6186 6194 6196 6190 6188 6192 6191 6198 6197 6199 # Confluenta
	6193 6201 6202 6204 6203 6214 6206 6200 6207 6208 6205 # Alania
	6210 6209 6215 6212 6213 6218 6216 6211 6217 6220 6221 # Alania Orient
	6219 6222 6224 6223 6225 6226 6227 6228 6230 6229 6231 6232 # Transhyrcania
	
}

severe_winter = LIST {
	6037 6038 6039 6040 6041 6042 6035 6043 6034 #Ultima Thule
	6016 6013 6022 6024 6027 6023 6012 6025 6033 6036 6011 #West Gothia
	6008 6019 6020 6018 6021 6028 6026 6029 6010 6030 6031 6032 #East Gothia
	6000 6001 6002 6003 6005 6006 6015 6014 6007 6017 6009 6004 #Herulia
	5110 5111 5112 5113 5299 5398 5397 4892 5109 5114 5115 # Carpathian Wastes
	1611 1612 1641 1643 1657 1658 1659 1660 1678 1687 5435 # Khaetia
	1676 1679 1680 1681 1683 1685 1689 1690 1691 1692 1694 1673 # Iberia
	1705 1707 1746 1748 1749 # Suaneti
	1586 1587 1610 1677 1686 1695 1696 1699 1700 1702 # Gugark
	1697 1701 1728 1752 1753 1754 1755 1756 1757 1758 # Tayk
	1549 1568 1569 1570 1576 1579 1580 1582 1583 1585 # Syracene
	1581 1698 1744 1747 1751 1759 1760 1761 1762 1764 # Armenia Superior
	1763 1765 1766 1767 1768 1769 1770 1771 1772 1773 1776 1778 # Armenia Maior
	1779 1781 1782 1783 1787 1842 1843 1844 1847 1848 1850 1851 # Armenia Minor
	4300 4301 4323 4324 4325 4367 4370 4490 6751 6997 7319 7657 # Gandhara
	4308 4316 4317 4318 4320 4322 4326 4327 4328 4329 7314 7492 # Taxila
	6769 6767 6764 6770 6760 6766 6763 6765 6762 6768 6771 # Pamir
	6778 6779 6780 6781 6782 6787 6788 6783 6784 6785 # Talas
	6795 6794 6793 6792 6791 6777 6786 6790 6789 # Jaxartia
	3810 4332 4333 4334 4335 4336 4337 4338 4339 4341 4343 7361 # Kasmira
	5600 5599 5597 5593 5598 5592 5594 5596 5595 5601 5558 5559 # Gilgit
	5566 5591 5602 5603 5565 5561 5560 5564 5567 5568 5563 5562 # Suvarna Gotra
	5570 5582 5569 5577 5557 5571 5576 5575 5614 5572 5574 5573 # Zhangzhung
	5615 5616 5581 5578 5580 5579 5612 5617 5583 5585 5584 5609 # Jangtang
	5587 5586 5588 5590 5611 5606 5610 5613 5589 5605 5608 5607 # Chomolangma
	5627 5623 5624 5629 5628 5626 5625 5630 5638 5639 5635 5631 # Tsang
	5641 5640 5618 5621 5619 5620 5655 5658 5656 5659 5663 5664 # Lhasa
	5634 5632 5633 5642 5653 5636 5637 5649 5648 5645 5647 5622 # Yarlung
	5661 5662 5660 5657 5643 5646 5651 5644 5654 5650 5652 # Sumpa
	6051 5960 5959 5958 5957 5956 5955 5954 5963 5962 5961 5967 5277 5278 5279 5264 5265 5386 5237 5347
	3537 3538 3608 3609 3610 3611 3612 3613 3615 3614 3616 3620 # Alpes Graiae
	3618 3617 3619 3636 3657 3656 3658 3660 3659 3663 3654 3655 # Alpes Raetiae
	3665 3666 3664 3667 3668 3671 3672 3673 3674 3669 3670 4131 #AlpesRaetiaeOrient
	5047 5182 5183 5023 5024 5045 5043 5026 5025 5027 5028 5122 5042 5041 5123 5138 5136 5137 5029 5121 5124 5040 5125 5039 5119 5120 5030 5116 5038 5126 5037 5033 5035 5036 5127 5034 5032 5117 5118 5031 5086 5085 5088 5087 5083 5084 5090 5089 5081 5082 5298 5999 5297 5283 5284 5381 5953 5952 5976 5973 5981 5132 5053 5051 5133 5052 1076 #MOUNTAINS 5021 5130 154 153 5019 5129 5128 5018 5017 5172 5173 5171 5174 5175 5192 5200 5197 5196 5201 5202 5203 5204 5205 5206 5207 5208 5209 5020 5211 5210 5214 5212 5198 5194 5195 5191 5190 5189 5199 5213 5215 5216 5217 5324 5323 5322 5325 5326 5327 5220 5221 5238 5239 5236 5237 5193 5222 5223 5225 5224 5230 5231 5232 5234 5235 5233 5240 5241 5242 5243 5388 
}